커트라인 82.0 76.0 76.0 76.0 82.0 86.0 89.0 91.0 91.0 85.0 82.0
선발인원 1,120 1,155 722 477 1,364 1,440 1,396 1,427 1,418 1,389 1,361
커트라인 84.0 85.0 70.0 85.0 62.0 65.0 70.0 76.0 65.0 66.0 84.0
선발인원 26 18 84 15 146 143 146 153 150 119 86
커트라인 52.0 54.0 60.0 56.0 58.0 65.0 68.0 70.0 69.0 56.0 58.0
선발인원 69 37 19 13 61 64 64 64 67 71 75
커트라인 100.0 0 71.0 91.0 73.0 75.0 80.0 78.0 81.0 75.0 72.0
선발인원 4 0 6 3 14 13 13 13 14 14 14
커트라인 46.0 54.0 53.0 57.0 53.0 52.0 60.0 48.0 53.0 49.0 49.0
선발인원 123 94 66 69 229 394 243 383 363 221 138
커트라인 79.0 82.0 71.0 77.0 80.0 81.0 83.0 85.0 85.0 83.0 82.0
선발인원 379 137 352 157 433 456 456 455 458 377 300
커트라인 55.0 59.0 56.0 56.0 52.0 54.0 52.0 55.0 54.0 56.0 56.0
선발인원 26 11 9 7 33 62 62 62 62 39 23
커트라인 46.0 46.0 47.0 46.0 56.0 59.0 64.0 64.0 61.0 57.0 46.0
선발인원 488 426 201 174 489 536 441 530 527 429 400
커트라인 46.0 47.0 46.0 46.0 46.0 52.0 57.0 59.0 53.0 - -
선발인원 114 56 22 14 91 96 74 96 95 - -